-83.1166 24.609
-83.15 24.6667
-83.1166 24.7244
-82.8883 24.8127
-82.8217 24.8127
-82.575 24.7744
-82.5084 24.7744
-82.2833 24.766
-82.2167 24.766
-82.2033 24.7627
-82.1367 24.7627
-81.8714 24.7085
-81.7967 24.7175
-81.7301 24.7175
-81.7165 24.7554
-81.6258 24.7954
-81.5883 24.8262
-81.5156 24.859
-81.4644 24.8986
-81.3845 24.9093
-81.2495 24.9204
-81.0333 24.9577
-80.9667 24.9577
-80.9183 24.9244
-80.6318 24.9847
-80.5955 25.0078
-80.5348 25.0661
-80.4401 25.1136
-80.4067 25.1713
-80.4066 25.1733
-80.3732 25.231
-80.3659 25.2462
-80.3325 25.3039
-80.3284 25.3079
-80.295 25.3656
-80.2622 25.4308
-80.2288 25.4885
-80.2317 25.51
-80.1983 25.5677
-80.1333 25.6477
-80.0667 25.6477
-80.0333 25.59
-80.051 25.4805
-80.0969 25.325
-80.121 25.2631
-80.1981 25.1259
-80.2315 25.0682
-80.3367 24.949
-80.5337 24.8051
-80.7602 24.6717
-80.925 24.6173
-81.1211 24.5492
-81.2008 24.5273
-81.3641 24.4907
-81.6238 24.4352
-81.6667 24.4253
-81.7797 24.4003
-81.8104 24.3959
-81.8584 24.3928
-81.877 24.3959
-81.925 24.3928
-81.9484 24.4006
-82.015 24.4006
-82.1907 24.3963
-82.2573 24.3963
-82.4775 24.3706
-82.6714 24.3213
-82.738 24.3213
-82.9 24.3923
-83.0333 24.4923
-83.1166 24.609
